tree
version=v4
num_class=1
num_tree_per_iteration=1
label_index=0
max_feature_idx=17
objective=binary sigmoid:1
feature_names=Column_0 Column_1 Column_2 Column_3 Column_4 Column_5 Column_6 Column_7 Column_8 Column_9 Column_10 Column_11 Column_12 Column_13 Column_14 Column_15 Column_16 Column_17
feature_infos=[-0.97638931056670908:5.0616871503394476] [-2.0518811046872578:3.2498392608538325] [-0.89827408960868349:6.5606418144814436] [-3.0890679170121511:2.9640865696314989] [0:1] [0:1] [0:1] [0:1] [0:1] [0:1] [0:1] [0:1] [0:1] [0:1] [0:1] [0:1] [0:1] [0:1]
tree_sizes=3332 3426 3410 3403 3418 3408 3397 3397 3391 3416 3419 3411 3416 3418

Tree=0
num_leaves=31
num_cat=0
split_feature=0 8 4 0 7 2 4 11 14 13 14 2 4 2 12 1 1 4 3 14 3 3 1 3 14 0 0 2 2 12
split_gain=44.1386 31.7809 12.4061 10.0497 9.46855 9.4166 8.21029 5.41531 5.53469 5.00016 4.92899 7.64983 4.72708 4.6704 5.02551 4.65493 7.11945 5.60951 5.62358 4.62779 5.85562 4.37581 4.25334 4.12935 3.46208 2.9905 4.77967 2.96702 2.87881 2.82974
threshold=0.53312980465983018 1.0000000180025095e-35 1.0000000180025095e-35 -0.76074372267720325 1.0000000180025095e-35 2.472145676801929 1.0000000180025095e-35 1.0000000180025095e-35 1.0000000180025095e-35 1.0000000180025095e-35 1.0000000180025095e-35 1.4025432903974877 1.0000000180025095e-35 -0.70020567338483908 1.0000000180025095e-35 -0.86861634372786545 -1.0341781229072569 1.0000000180025095e-35 -0.42577069642096516 1.0000000180025095e-35 0.27643508105565123 -0.83807884625877827 -0.75988666552063922 -0.10176846766199364 1.0000000180025095e-35 0.79190451012723695 1.9132615671526663 -0.67511374886831044 0.7951731488714221 1.0000000180025095e-35
decision_type=2 2 2 2 2 2 2 2 2 2 2 2 2 2 2 2 2 2 2 2 2 2 2 2 2 2 2 2 2 2
left_child=1 3 5 4 21 25 24 8 12 10 -4 22 -6 -8 -15 16 -5 23 -19 29 -21 -1 -12 -17 -3 -2 28 -26 -27 -20
right_child=2 6 9 15 7 -7 13 -9 -10 -11 11 -13 -14 14 -16 17 -18 18 19 20 -22 -23 -24 -25 27 26 -28 -29 -30 -31
leaf_value=0.60193092680725213 0.32631257531070845 0.51296714443483737 0.48366718363777722 0.4259356258501632 0.40668275974019541 0.22429043906438517 0.57053136777600033 0.52678094238783302 0.37071599212257972 0.37293616296317322 0.38760859634448724 0.32472673899599874 0.52760806485785816 0.50210745853623828 0.56851303064818803 0.48057616992436458 0.29590588771127485 0.56577385883187126 0.46488615979944148 0.35653156730767643 0.45730265490572863 0.50062598860595975 0.50196726828708149 0.39302342294949599 0.41511940893445098 0.37293616296317333 0.30966129400625675 0.48542481888658046 0.46474675713595415 0.53875995747095451
leaf_weight=8.2971327006816882 9.0083155035972613 22.994910627603531 18.964874744415283 18.490752875804905 5.926523357629776 4.978279620409011 27.024946510791779 8.0600717663764971 9.0083155035972595 11.85304671525955 5.452401489019393 6.6377061605453482 7.1118280291557312 41.959785372018814 15.646021664142607 6.8747670948505428 5.452401489019393 4.978279620409011 21.098423153162006 8.5341936349868792 17.779570072889328 8.7712545692920667 8.0600717663764971 24.891398102045059 9.4824373722076434 5.9265233576297787 4.7412186861038199 16.357204467058182 8.0600717663764936 6.8747670948505393
leaf_count=35 38 97 80 78 25 21 114 34 38 50 23 28 30 177 66 29 23 21 89 36 75 37 34 105 40 25 20 69 34 29
internal_value=0.463103 0.481253 0.398987 0.451506 0.490371 0.350928 0.517393 0.456638 0.430995 0.429834 0.447076 0.412638 0.472642 0.536234 0.520144 0.435559 0.396325 0.445878 0.464052 0.454724 0.42462 0.549871 0.455823 0.411971 0.484742 0.373657 0.396431 0.459625 0.425844 0.483042
internal_weight=379.297 295.615 83.6825 162.15 47.1751 32.7144 133.465 30.1067 22.0467 50.9681 39.1151 20.1502 13.0384 84.6308 57.6058 114.975 23.9432 91.0314 59.2652 54.287 26.3138 17.0684 13.5125 31.7662 48.8346 27.7361 18.7278 25.8396 13.9866 27.9732
internal_count=1600 1247 353 684 199 138 563 127 93 215 165 85 55 357 243 485 101 384 250 229 111 72 57 134 206 117 79 109 59 118
is_linear=0
shrinkage=1


Tree=1
num_leaves=31
num_cat=0
split_feature=0 8 0 4 0 7 4 3 2 1 8 8 12 2 3 3 11 4 1 1 4 3 14 3 10 3 2 15 3 3
split_gain=35.4083 26.1304 9.97513 8.36496 8.13951 7.89176 6.91753 5.40195 5.55059 5.14008 4.86797 4.51115 4.17476 4.4105 3.97199 3.81608 3.70478 5.40212 3.67922 5.45952 4.47769 4.67532 3.72527 4.58844 3.35004 5.90025 3.79042 3.29126 3.26794 2.79261
threshold=0.53312980465983018 1.0000000180025095e-35 3.3796515648013044 1.0000000180025095e-35 -0.76074372267720325 1.0000000180025095e-35 1.0000000180025095e-35 0.57089281274371861 0.7951731488714221 0.72659607128425752 1.0000000180025095e-35 1.0000000180025095e-35 1.0000000180025095e-35 -0.70020567338483908 0.8937348215448504 -0.83807884625877827 1.0000000180025095e-35 1.0000000180025095e-35 -0.86861634372786545 -1.0341781229072569 1.0000000180025095e-35 -0.42577069642096516 1.0000000180025095e-35 0.27643508105565123 1.0000000180025095e-35 -1.3316867117249205 -0.48975864523562701 1.0000000180025095e-35 -0.10176846766199364 -1.4744287940236502
decision_type=2 2 2 2 2 2 2 2 2 2 2 2 2 2 2 2 2 2 2 2 2 2 2 2 2 2 2 2 2 2
left_child=1 4 3 7 5 15 24 8 11 16 -9 -2 13 29 -5 -1 17 -7 19 -6 28 -22 -23 -24 25 -3 -26 -16 -20 -8
right_child=2 6 -4 14 18 9 12 10 -10 -11 -12 -13 -14 -15 27 -17 -18 -19 20 -21 21 22 23 -25 26 -27 -28 -29 -30 -31
leaf_value=0.12978447342353347 -0.049642669684856221 -0.069191583028525586 -0.18607694341196235 -0.0067564825516362031 -0.03316452828505885 -0.076157754261712618 0.030101570872228253 -0.22118831953824911 0.0028485905423951061 -0.081505690439267364 -0.079236377030953237 -0.16914756572676728 0.10680924180776581 0.035447650133768785 -0.13152820680619379 0.034088208582014654 0.076134634028706072 0.041083834837678863 0.015793290305883469 -0.14556043461852483 0.09495304556168721 0.018048730908563373 -0.093753135116941388 -0.0052129494156506603 0.021858494941637486 0.050485822985573074 -0.090696591140638397 -0.018336302567759134 -0.06209397407824923 0.11255000520523661
leaf_weight=8.0029384046793002 7.2718628346920067 4.7378098964691153 5.5838027596473685 37.883909344673157 18.641642600297931 6.9765860140323683 5.5370578765869167 4.8412581384181959 8.4324813932180387 6.9045406728982917 4.8220783472061157 5.5846004337072372 20.080359578132629 41.574150413274765 5.3154712170362455 8.6938035637140256 7.2362703531980506 8.9999807178974152 6.8469981849193564 5.6259462982416144 4.8513071089982978 27.838191747665405 8.719943583011629 17.802904173731804 7.1003657877445221 31.566806584596634 5.1708979010581952 4.9712702482938766 25.261844247579575 15.919041395187376
leaf_count=35 30 20 23 159 78 29 24 20 35 29 20 23 87 177 22 37 31 38 29 23 21 118 36 75 30 134 22 21 105 69
internal_value=6.83507e-05 0.0164769 -0.0568996 -0.0477834 -0.0103646 0.0248134 0.0495792 -0.088346 -0.0602001 -0.00575734 -0.150353 -0.101553 0.0671014 0.0544511 -0.0217197 0.0799565 0.0167736 -0.0101128 -0.024612 -0.0592212 -0.0154149 0.000891076 -0.00750324 -0.0343224 0.0195999 0.0348677 -0.0255703 -0.076826 -0.045485 0.091273
internal_weight=378.796 294.089 84.7067 79.1229 162.403 46.8141 131.686 30.9523 21.2889 30.1174 9.66334 12.8565 83.1106 63.0302 48.1707 16.6967 23.2128 15.9766 115.589 24.2676 91.3212 59.2123 54.361 26.5228 48.5759 36.3046 12.2713 10.2867 32.1088 21.4561
internal_count=1600 1247 353 330 684 199 563 128 88 127 40 53 357 270 202 72 98 67 485 101 384 250 229 111 206 154 52 43 134 93
is_linear=0
shrinkage=0.1


Tree=2
num_leaves=31
num_cat=0
split_feature=0 8 0 4 0 7 4 3 2 1 1 12 2 1 3 8 3 15 1 1 4 3 1 1 1 1 3 1 7 14
split_gain=28.5429 21.5165 7.78988 6.62206 6.6122 6.59757 5.84231 4.25372 6.13338 4.10612 3.69534 3.64643 3.80012 3.61763 3.36902 3.35925 3.16169 3.50835 2.93203 4.30713 3.5862 3.89817 3.06839 5.92903 4.24875 3.75731 3.58846 3.16911 2.94498 2.89013
threshold=0.53312980465983018 1.0000000180025095e-35 3.3796515648013044 1.0000000180025095e-35 -0.76074372267720325 1.0000000180025095e-35 1.0000000180025095e-35 0.46692028393508461 0.7951731488714221 0.72659607128425752 1.0000000180025095e-35 1.0000000180025095e-35 -0.70020567338483908 -0.89482036633179796 -0.83807884625877827 1.0000000180025095e-35 0.85199326970649902 1.0000000180025095e-35 -0.86861634372786545 -1.0341781229072569 1.0000000180025095e-35 -0.42577069642096516 0.07728080987772272 0.3240069967329311 0.61208108938525385 1.543004515788595 0.060786910348135194 1.1484127728111966 1.0000000180025095e-35 1.0000000180025095e-35
decision_type=2 2 2 2 2 2 2 2 2 2 2 2 2 2 2 2 2 2 2 2 2 2 2 2 2 2 2 2 2 2
left_child=1 4 3 7 5 14 29 8 13 10 -7 12 -8 -2 -1 -9 -5 -18 19 -6 28 -22 26 -24 -25 27 -23 -26 -20 -3
right_child=2 6 -4 16 18 9 11 15 -10 -11 -12 -13 -14 -15 -16 -17 17 -19 20 -21 21 22 23 24 25 -27 -28 -29 -30 -31
leaf_value=0.12205271927425188 -0.025436415246318397 0.043858891870323991 -0.1635953238164734 -0.0056665722649764487 -0.029637712504009074 -0.017285031063579977 0.084579356900281039 -0.17417741950522875 0.034918726042467388 -0.072127889179849067 0.064489036688345658 0.0994449553827918 0.032207561816933426 -0.13309596311039526 0.030959974304916277 -0.070542669957883025 -0.12142374505913128 -0.0078480339042435454 -0.079727127610102491 -0.12877472623106387 0.088037935684606397 -0.013203878786635989 0.10694470396847314 -0.084519976897044533 0.0085445810157622343 -0.057377428506643471 -0.11138586254277977 0.10239739505962242 -0.017337986386527789 -0.0051577706972076656
leaf_weight=7.6758995652198818 5.4085296392440823 22.601483270525932 5.7080768495798102 37.454755559563637 18.766860812902454 13.894820332527166 20.874329164624214 6.4148547351360303 6.0093674957752219 7.0155550241470328 9.1752865016460401 19.444084390997887 41.201201856136322 7.380168184638026 8.619088873267172 6.103843629360199 5.6622900962829572 5.2336419075727463 12.05905622243881 5.7176291197538367 4.716266155242919 14.364801153540613 5.4343053549528113 5.6706177443265942 13.005131989717489 5.913993000984191 5.0247206985950461 4.973854884505271 20.306321799755096 25.715182065963745
leaf_count=35 22 97 23 157 78 59 93 26 25 29 39 87 177 30 37 25 23 22 50 23 21 60 23 24 55 25 21 21 84 109
internal_value=0.000117315 0.0149805 -0.0507473 -0.0426618 -0.00928899 0.0226221 0.0453247 -0.0784854 -0.0484095 -0.00513481 0.0152376 0.0616556 0.0498188 -0.0875651 0.07387 -0.123647 -0.0194589 -0.0668699 -0.0220532 -0.0527882 -0.013826 0.000826506 -0.00673613 0.0109433 -0.00670341 0.0117651 -0.0386474 0.0345088 -0.0405836 0.0177712
internal_weight=377.546 292.17 85.3755 79.6675 162.334 46.3807 129.836 31.3168 18.7981 30.0857 23.0701 81.5196 62.0755 12.7887 16.295 12.5187 48.3507 10.8959 115.954 24.4845 91.4691 59.1037 54.3874 34.9979 29.5636 23.893 19.3895 17.979 32.3654 48.3167
internal_count=1600 1247 353 330 684 199 563 128 77 127 98 357 270 52 72 51 202 45 485 101 384 250 229 148 125 101 81 76 134 206
is_linear=0
shrinkage=0.1


Tree=3
num_leaves=31
num_cat=0
split_feature=0 8 4 2 14 4 3 10 2 3 1 3 2 1 1 1 2 3 3 0 0 2 13 14 2 1 4 9 3 2
split_gain=23.1089 17.7086 6.34232 6.11765 5.86321 6.29331 9.21636 5.52549 5.93981 5.74744 4.62663 4.29029 6.32211 6.10442 6.78876 6.09607 4.6186 4.20701 4.14753 4.00432 3.4813 3.46482 3.34373 3.5266 4.68483 3.54553 2.85918 2.78811 4.76196 2.2607
threshold=0.53312980465983018 1.0000000180025095e-35 1.0000000180025095e-35 2.3659286861479045 1.0000000180025095e-35 1.0000000180025095e-35 0.55069409214529197 1.0000000180025095e-35 -0.48975864523562701 0.17627274157543735 0.11131200806464825 0.38992860564585768 -0.42222880138011271 -0.074328178045029378 -0.84751700085197179 -0.37652521794492583 -0.8110447208521977 -1.3316867117249205 -0.8808626542110064 -0.24319431174239001 -0.76074372267720325 -0.76400599553580051 1.0000000180025095e-35 1.0000000180025095e-35 1.4025432903974877 -0.75988666552063922 1.0000000180025095e-35 1.0000000180025095e-35 0.9209598337150432 -0.55429212122594496
decision_type=2 2 2 2 2 2 2 2 2 2 2 2 2 2 2 2 2 2 2 2 2 2 2 2 2 2 2 2 2 2
left_child=1 4 3 -2 5 6 10 17 -9 -10 19 13 -13 14 18 -16 -15 26 -6 -1 -7 -19 23 -4 25 -25 -3 28 -14 -22
right_child=2 7 22 -5 11 20 -8 8 9 -11 -12 12 27 16 15 -17 -18 21 -20 -21 29 -23 -24 24 -26 -27 -28 -29 -30 -31
leaf_value=0.012148869576072342 -0.058993158066137953 -0.063504791636043473 0.021763810078425188 -0.16885149565106031 -0.023299802395745448 0.070923281197949051 -0.11607932993343457 0.047041207905049856 -0.111567720781364 0.01035027484288005 0.083041145997187427 0.067095600791185372 0.069409840808803858 -0.020818128856259905 0.060910582037026664 -0.052019199071113992 -0.1450834288982959 0.11381530949804786 -0.12130797422502329 -0.096290608817533888 -0.03496509889976103 0.053292675272604728 -0.06915614992052585 -0.065420785252046185 -0.10507034778018412 0.0384753632912073 0.045491192095513722 -0.089152646815930631 -0.057340362027456807 0.026684276480508109
leaf_weight=11.474770396947866 27.778045356273651 4.7858844697475416 18.991925448179245 6.2004149556159964 9.0091717541217822 15.442720606923102 8.2840855866670591 17.695396780967712 6.2873221337795284 10.043271437287329 5.9402426034212104 10.024854660034181 5.0555490553379077 4.5102921724319449 11.862699553370474 8.0060982704162651 8.8789401203393918 10.85638192296028 8.2918703407049126 4.8423120379447964 7.4102696925401679 73.487016499042511 12.212492063641546 5.5523056387901297 6.9123711436986914 8.0420996993780154 4.841216117143631 5.7888802140951148 7.1647861301898956 30.147756829857826
leaf_count=48 113 20 80 25 38 68 34 78 27 43 25 42 21 20 51 33 37 49 34 20 31 324 50 23 28 34 22 24 30 128
internal_value=0.00015011 0.0136263 -0.045478 -0.0790402 -0.00832478 0.0101198 -0.0260365 0.041432 0.00690358 -0.0365885 0.00747713 -0.0279308 0.00344592 -0.0453286 -0.0244738 0.0154057 -0.103223 0.0539345 -0.0702722 -0.020032 0.0309546 0.0610829 -0.0234249 -0.00928542 -0.038041 -0.0039585 -0.00869357 -0.0319848 -0.00490384 0.0145207
internal_weight=375.821 290.132 85.6897 33.9785 162.135 83.5422 30.5414 127.996 34.026 16.3306 22.2573 78.5931 28.0341 50.5591 37.1698 19.8688 13.3892 93.9705 17.301 16.3171 53.0007 84.3434 51.7112 39.4987 20.5068 13.5944 9.6271 18.0092 12.2203 37.558
internal_count=1600 1247 353 138 684 354 127 563 148 70 93 330 117 213 156 84 57 415 72 68 227 373 215 165 85 57 42 75 51 159
is_linear=0
shrinkage=0.1


Tree=4
num_leaves=31
num_cat=0
split_feature=0 8 0 4 14 6 4 2 1 3 1 1 1 2 13 1 2 3 1 12 3 2 8 3 2 2 13 2 1 14
split_gain=18.7507 14.5748 5.84168 4.82586 4.73576 5.43436 4.0774 3.84165 5.30776 3.60801 3.84299 3.51944 9.81257 3.85921 3.35261 3.89903 3.84921 3.82459 3.16176 3.08975 2.99034 3.78072 3.50604 2.96974 2.93439 2.82636 3.14948 2.76062 2.56413 2.51619
threshold=0.53312980465983018 1.0000000180025095e-35 3.2933933296455025 1.0000000180025095e-35 1.0000000180025095e-35 1.0000000180025095e-35 1.0000000180025095e-35 -0.27773905522808501 -0.25520399640853725 0.60408484058301004 0.74173995447743901 -0.37652521794492583 -0.84751700085197179 -0.78837007892195332 1.0000000180025095e-35 -1.0045709804846319 -0.64840144811262435 -0.017148519271227448 0.3240069967329311 1.0000000180025095e-35 0.57089281274371861 0.7951731488714221 1.0000000180025095e-35 0.85199326970649902 -0.70020567338483908 1.6773219115957458 1.0000000180025095e-35 -0.22596139350077463 -0.89482036633179796 1.0000000180025095e-35
decision_type=2 2 2 2 2 2 2 2 2 2 2 2 2 2 2 2 2 2 2 2 2 2 2 2 2 2 2 2 2 2
left_child=1 4 6 29 5 7 20 14 -9 11 -11 12 13 -6 15 -1 -16 -17 -10 24 21 22 -2 25 -5 26 -8 -21 -26 -3
right_child=2 3 -4 19 9 -7 23 8 18 10 -12 -13 -14 -15 16 17 -18 -19 -20 27 -22 -23 -24 -25 28 -27 -28 -29 -30 -31
leaf_value=-0.0070065254018387008 -0.029143971735941493 0.037413398929845985 -0.13245194834536686 0.073705803454534549 0.0097656795906218979 -0.057349956273607339 0.0032319773756980365 -0.094529450947343927 0.081220099971998444 0.085622724425490251 -0.013185731976726699 -0.065852715566179554 0.055724657319426253 -0.093257069457247391 0.045484935862567563 0.10032951216618374 -0.064113254518970528 0.02601847408403675 -0.014903045146165018 0.11789115831702963 -0.10777184317154459 0.011032501184302941 -0.13312265752451444 -0.061497898124211185 -0.027867351256043855 0.06398465463445667 -0.073322787398291053 0.036978678032276738 0.038318331088376095 -0.0086996176164841933
leaf_weight=9.2099284678697533 7.4481821805238777 22.106896415352821 6.4392259120941153 19.78527107834816 5.1678303033113506 10.694416165351866 24.892826825380329 6.158423230051997 4.9416521340608623 4.9842441082000759 18.720312893390656 25.946902856230736 11.679852634668348 12.267298370599748 6.3541685044765472 15.8924987912178 6.464917063713072 12.27565851807595 11.127154394984244 11.805444225668909 9.6517805904149991 8.5241086333990079 5.7435353696346283 10.717669680714605 7.0971461981534949 5.5616936385631552 6.8535213470458975 6.5597775578498831 33.402844578027725 25.461991608142853
leaf_count=39 30 97 26 93 22 44 105 26 21 21 78 108 51 50 28 70 27 52 47 56 39 35 23 44 31 23 28 31 146 109
internal_value=0.000178768 0.0124013 -0.0408472 0.0378735 -0.00745899 0.00919093 -0.0334175 0.0190166 -0.0155944 -0.0250289 0.00759025 -0.0390717 -0.0152049 -0.0627208 0.0343422 0.0494769 -0.00978759 0.0679448 0.0146578 0.0530802 -0.0614587 -0.0408744 -0.0744152 -0.0151027 0.0421405 -0.0017745 -0.013295 0.0889905 0.0267201 0.0127307
internal_weight=373.937 288.105 85.8325 126.219 161.885 83.1188 79.3933 72.4244 22.2272 78.7664 23.7046 55.0619 29.115 17.4351 50.1972 37.3781 12.8191 28.1682 16.0688 78.6505 31.3676 21.7158 13.1917 48.0257 60.2853 37.308 31.7463 18.3652 40.5 47.5689
internal_count=1600 1247 353 563 684 354 327 310 94 330 99 231 123 72 216 161 55 122 68 357 127 88 53 200 270 156 133 87 177 206
is_linear=0
shrinkage=0.1


Tree=5
num_leaves=31
num_cat=0
split_feature=0 8 0 10 2 3 14 4 3 3 1 7 4 0 9 0 2 2 3 2 1 1 1 2 2 3 0 7 3 3
split_gain=15.2497 11.9974 4.89634 4.54941 4.74451 4.46595 3.83781 4.6855 6.91681 3.67611 3.59067 3.78539 3.50037 3.01263 2.99928 5.28383 2.97508 3.65287 2.93426 5.00171 4.17324 4.49377 3.90133 3.6123 3.08771 2.54834 2.44274 2.39054 6.45446 2.60809
threshold=0.53312980465983018 1.0000000180025095e-35 3.3796515648013044 1.0000000180025095e-35 -0.48975864523562701 0.17627274157543735 1.0000000180025095e-35 1.0000000180025095e-35 0.55069409214529197 -1.3316867117249205 0.11131200806464825 1.0000000180025095e-35 1.0000000180025095e-35 1.9132615671526663 1.0000000180025095e-35 1.1369374507504462 -0.74914103580739766 -0.69482389918724352 0.38992860564585768 -0.42222880138011271 -0.074328178045029378 -0.84751700085197179 -0.37652521794492583 -0.8110447208521977 -0.78837007892195332 -0.76149619601067109 -0.76074372267720325 1.0000000180025095e-35 0.19621899934615103 0.53742911908758184
decision_type=2 2 2 2 2 2 2 2 2 2 2 2 2 2 2 2 2 2 2 2 2 2 2 2 2 2 2 2 2 2
left_child=1 6 12 9 -5 -6 7 8 10 -3 11 -1 13 14 15 -2 -11 -18 20 -20 21 24 -23 -22 -8 -19 -9 28 -28 -29
right_child=2 3 -4 4 5 -7 18 26 -10 16 -12 -13 -14 -15 -16 -17 17 25 19 -21 23 22 -24 -25 -26 -27 27 29 -30 -31
leaf_value=0.048476418683097822 -0.057298665007450622 -0.012854147349558609 -0.12686059791581814 0.039830583722465479 -0.10039727328475878 0.0066047256955674332 0.0088094578753074113 0.060933061003904325 -0.09986681857712984 0.097096923144441391 0.074356127804313776 -0.05255018502982578 -0.013597976471319771 -0.11628196381039382 -0.10819650604255569 0.054572114194274879 -0.032856711003134025 0.11608840031342185 0.060862922913365175 -0.027641877496380387 -0.011771084766293096 0.050988111598756929 -0.03951583713707546 -0.12032545736210504 -0.083319214471750169 0.045369372831437549 -0.084346306835296259 0.056033169074649919 0.056876635639743878 -0.012399744817737521
leaf_weight=5.6925177872181019 13.647722661495218 9.4350543916225416 5.6379787027835837 17.193665102124214 6.4215945750474956 9.9357335418462736 5.1565226465463665 14.816832780838011 8.421908035874365 12.920684248208998 5.7810109406709662 10.643270909786224 48.570018753409386 6.6303806751966468 5.1770608127117148 6.1130728125572196 5.5674947649240485 5.5919321924447933 9.8587436378002185 18.123935624957085 4.6161282509565345 11.498175427317618 8.1312289834022575 9.1250458359718305 12.35219763219356 57.394797533750541 7.2686789333820325 15.565663412213327 5.8337036222219467 8.6718640327453596
leaf_count=24 55 42 23 78 27 43 22 68 34 62 25 44 202 27 21 25 26 25 42 75 20 51 33 37 50 260 31 66 25 37
internal_value=0.000197951 0.0112888 -0.0367843 0.0346231 0.0031518 -0.0354023 -0.00668744 0.00836378 -0.0227439 0.0462378 0.00662395 -0.0173455 -0.0304471 -0.0563708 -0.0404418 -0.022691 0.0530808 0.0447849 -0.0224703 0.00353977 -0.0367753 -0.0193545 0.013498 -0.0838583 -0.0561862 0.0516478 0.0265779 0.0129454 -0.0214682 0.0315488
internal_weight=371.795 286.018 85.7762 124.461 33.551 16.3573 161.557 82.6955 30.5387 90.91 22.1168 16.3358 80.1383 31.5682 24.9379 19.7608 81.4749 68.5542 78.862 27.9827 50.8793 37.1381 19.6294 13.7412 17.5087 62.9867 52.1567 37.3399 13.1024 24.2375
internal_count=1600 1247 353 563 148 70 684 354 127 415 93 68 330 128 101 80 373 311 330 117 213 156 84 57 72 285 227 159 56 103
is_linear=0
shrinkage=0.1


Tree=6
num_leaves=31
num_cat=0
split_feature=2 8 4 14 6 0 13 1 1 2 10 1 1 1 1 2 3 1 2 2 7 1 2 2 1 2 2 3 2 14
split_gain=12.4613 8.0755 5.88679 4.99386 5.01378 3.99212 3.90906 4.16299 3.80829 5.5793 3.66391 3.69587 3.50182 5.13115 5.1847 8.4981 3.45957 5.63604 2.9488 4.72703 5.05558 4.03851 4.02601 3.27002 3.17508 2.87516 3.00201 2.85503 2.83169 2.67553
threshold=1.4517867899409354 1.0000000180025095e-35 1.0000000180025095e-35 1.0000000180025095e-35 1.0000000180025095e-35 0.96442098043884139 1.0000000180025095e-35 0.79704065153119263 -0.22610732195871605 -0.39530399226519275 1.0000000180025095e-35 0.3240069967329311 -0.62767546056443446 -0.3145884372447218 0.012281221340695524 0.25677259533467939 1.1026200496898251 1.4356360855088461 -0.56740919969965009 -0.69482389918724352 1.0000000180025095e-35 -0.5747569473837657 -0.37100897409579092 -0.18514916310992721 -0.37091007024408323 -0.64840144811262435 0.11356852475601606 1.4826331716689054 -0.69482389918724352 1.0000000180025095e-35
decision_type=2 2 2 2 2 2 2 2 2 2 2 2 2 2 2 2 2 2 2 2 2 2 2 2 2 2 2 2 2 2
left_child=1 3 8 4 6 27 7 12 9 28 11 -10 -1 -14 -15 -16 18 -18 19 20 -5 -21 -20 -24 -22 -8 -27 -4 -3 -2
right_child=29 2 5 16 -6 -7 25 -9 10 -11 -12 -13 13 14 15 -17 17 -19 22 21 24 -23 23 -25 -26 26 -28 -29 -30 -31
leaf_value=0.0049995273204568903 -0.028081702542975484 -0.033893124666666601 0.051456005160060395 0.026771600729898499 -0.051787702595846308 -0.024219782765368868 0.037551452828366708 -0.028108147276402269 0.097376768855471016 -0.094212055329762096 -0.035516247969474467 0.013042187772662962 0.13164513061079805 -0.019842196215184529 0.11495664924948763 -0.034144965267997873 0.1071344273104573 -0.032864709955314812 -0.094723473204721007 -0.015973009267758149 -0.033656440130231537 0.11026266119973081 0.032078782523483847 -0.044540692373378592 -0.13499583847345531 -0.075252013613844829 0.01719038886087253 -0.025083690339095945 0.056870546638409569 -0.084590665172931984
leaf_weight=18.666190832853317 15.90845727920532 7.6838289946317673 75.862425491213799 8.197823435068134 12.25065593421459 8.843104273080824 6.164104267954829 10.723454833030699 7.723224118351939 9.0392507612705213 8.6275941133499128 15.883136808872221 7.5511740595102266 9.8102737367153221 12.769560173153879 5.4557823389768592 4.9804100096225721 6.8040757924318314 13.013151451945303 4.972327932715416 7.846981957554819 5.1686420887708646 6.8998708128929094 28.904918238520626 5.1018113791942579 10.127445444464682 5.3786307722330085 5.2080317735671988 6.219669386744501 17.701959565281868
leaf_count=80 66 33 354 36 50 37 28 46 34 38 37 70 33 42 57 23 21 28 54 21 33 22 29 119 21 42 22 24 28 72
internal_value=0.000210512 0.00601987 0.0238006 -0.00750206 0.00809294 0.0395798 0.0165593 0.0288256 -0.0019125 -0.0330527 0.0202517 0.0406337 0.0400789 0.0584789 0.0387721 0.0703229 -0.0242863 0.0263023 -0.0317285 -0.00776253 -0.0346796 0.0483667 -0.0470884 -0.0297755 -0.0735841 -0.0202204 -0.0431863 0.046539 0.00670961 -0.0578439
internal_weight=369.488 335.878 145.09 190.787 98.8973 89.9136 86.6466 64.9764 55.1767 22.9427 32.234 23.6064 54.253 35.5868 28.0356 18.2253 91.89 11.7845 80.1055 31.2876 21.1466 10.141 48.8179 35.8048 12.9488 21.6702 15.5061 81.0705 13.9035 33.6104
internal_count=1600 1462 655 807 423 415 373 281 240 99 141 104 235 155 122 80 384 49 335 133 90 43 202 148 54 92 64 378 61 138
is_linear=0
shrinkage=0.1


Tree=7
num_leaves=31
num_cat=0
split_feature=0 8 3 0 10 2 2 3 3 2 0 1 11 3 2 1 1 1 4 14 2 13 1 3 0 8 1 1 0 7
split_gain=10.328 8.23486 4.91322 3.93711 3.45454 3.77673 3.77792 2.96658 2.8777 2.79036 2.43653 2.4005 4.45885 4.23368 3.4872 2.86518 2.84956 2.29895 2.17512 3.04411 2.49268 2.43235 2.10455 2.64745 1.97725 2.25254 1.97467 7.09227 2.46805 4.99808
threshold=0.53312980465983018 1.0000000180025095e-35 -2.1531187450432481 3.3796515648013044 1.0000000180025095e-35 -0.48975864523562701 -0.18175965478014841 -1.3316867117249205 0.86733165082889185 -0.76400599553580051 0.18809686403662121 0.44941196205175088 1.0000000180025095e-35 0.45932254221366942 -0.18514916310992721 0.9927200411060132 1.5174811171484011 -0.95267340324957095 1.0000000180025095e-35 1.0000000180025095e-35 1.6773219115957458 1.0000000180025095e-35 -0.14324135437355304 0.21967940412811696 1.481970391373655 1.0000000180025095e-35 1.4356360855088461 1.2268546846320596 -0.76074372267720325 1.0000000180025095e-35
decision_type=2 2 2 2 2 2 2 2 2 2 2 2 2 2 2 2 2 2 2 2 2 2 2 2 2 2 2 2 2 2
left_child=1 2 -1 8 7 22 -7 -3 18 17 11 13 15 14 -11 -13 -17 -9 19 -2 21 -20 -6 -24 25 -10 27 28 29 -4
right_child=3 4 26 -5 5 6 -8 9 24 10 -12 12 -14 -15 -16 16 -18 -19 20 -21 -22 -23 23 -25 -26 -27 -28 -29 -30 -31
leaf_value=0.10544387907613605 -0.0052962412599482835 -0.013674351537397812 0.063465024234003464 -0.11224314599843815 0.071727215456149671 -0.10283607450653386 0.00024837303979666371 0.037814636177642365 -0.079181997697276629 0.045585543292322096 0.085248313330395953 -0.023909161256755667 -0.081212588603628094 0.12557732274641792 -0.043117209578589361 0.12227766838788466 0.0082538661181821207 0.13732944595313198 0.0034079909602875583 -0.074099684675370592 0.058929859203049606 -0.063485491474590663 -0.05383324356402517 0.056256320782625963 -0.11370671677284237 0.011673222590487621 -0.043013757410784864 0.10626593539521011 -0.016998452227280136 -0.014798840713213477
leaf_weight=3.9020236134529105 13.746082156896591 9.3791961669921857 12.843899533152578 5.4722827970981589 8.0818356722593325 5.209786698222163 11.194434583187101 3.9444269388914108 6.0915862917900103 29.085524052381508 9.7128043770790082 5.9278492331504848 4.8005484491586676 5.637397199869155 5.228789731860167 4.4482168704271299 4.320547491312027 5.6417860686779004 25.23930835723877 12.082787275314331 6.0574257075786582 6.9277424514293662 4.3914803564548475 4.3464098870754242 5.1132975220680228 4.943166121840477 14.724377214908598 5.5504689067602149 101.03408934175968 22.37452657520771
leaf_count=18 56 42 60 23 38 22 48 20 25 137 45 28 22 27 24 21 20 29 106 49 25 28 20 20 21 20 61 24 423 98
internal_value=0.000228914 0.00947321 -0.00539479 -0.0301755 0.0291291 0.00165 -0.03249 0.0394887 -0.0245759 0.0458207 0.0388126 0.0312259 0.00246107 0.0452636 0.0320691 0.0297925 0.0660958 0.0963822 -0.015065 -0.0374826 8.28643e-05 -0.0109987 0.0349466 0.000927615 -0.0623021 -0.0384822 -0.00815785 -0.00453852 -0.00905232 0.0137434
internal_weight=367.454 281.78 160.429 85.6737 121.351 33.2239 16.4042 88.1271 80.2014 78.7479 69.1617 59.4489 19.4972 39.9517 34.3143 14.6966 8.76876 9.58621 64.0533 25.8289 38.2245 32.1671 16.8197 8.73789 16.148 11.0348 156.527 141.803 136.253 35.2184
internal_count=1600 1247 684 353 563 148 70 415 330 373 324 279 91 188 161 69 41 49 264 105 159 134 78 40 66 45 666 605 581 158
is_linear=0
shrinkage=0.1


Tree=8
num_leaves=31
num_cat=0
split_feature=2 4 12 3 8 0 3 3 0 1 3 15 0 0 3 2 2 3 3 1 12 2 2 4 3 1 1 1 0 0
split_gain=8.67747 5.82763 5.83564 5.4876 5.06755 4.76274 5.93584 4.32615 4.27018 4.20207 5.71189 4.78296 3.95692 3.11258 2.74649 2.65897 5.42094 2.49091 5.06283 2.67378 2.54874 2.40108 3.80457 2.84414 2.20093 2.853 4.06185 3.9433 2.81408 2.18863
threshold=1.4517867899409354 1.0000000180025095e-35 1.0000000180025095e-35 1.7700824335967786 1.0000000180025095e-35 -0.58822725236559881 0.60408484058301004 0.16675709566647307 -0.24319431174239001 -0.89482036633179796 -1.2925627675838325 1.0000000180025095e-35 0.10183862888081896 1.0506792155946438 0.98466295186565123 -0.37100897409579092 -0.17784950097024693 0.69800744245237334 1.1513948817870956 0.29865375408367184 1.0000000180025095e-35 1.6773219115957458 2.2272457309119402 1.0000000180025095e-35 -0.48687763718921373 1.0869864600837962 1.3934373997570586 0.79704065153119263 -0.93326019298880791 0.44687156950402795
decision_type=2 2 2 2 2 2 2 2 2 2 2 2 2 2 2 2 2 2 2 2 2 2 2 2 2 2 2 2 2 2
left_child=1 8 3 4 9 -4 7 -7 15 10 -3 -12 -10 -6 -8 17 -17 19 -19 20 -1 -2 -23 -24 28 27 -27 -26 -11 -14
right_child=21 2 5 -5 13 6 14 -9 12 24 11 -13 29 -15 -16 16 -18 18 -20 -21 -22 22 23 -25 25 26 -28 -29 -30 -31
leaf_value=-0.020366664754612913 -0.1063181318335254 0.030096233967268328 0.093451277655260678 -0.097641513774180788 0.03764641353324092 0.019599721935794817 0.15191170142404986 -0.089633200877236419 -0.070814692659414022 0.0021493791996786823 -0.15919699418631525 -0.031431386724459741 0.01970944363979028 -0.036495935706035113 0.039678141881725436 0.11408849349618636 -0.020380923701677957 -0.10897813746211248 0.027430400807109175 0.05313447803019531 0.037370020420297703 0.012414869524580549 -0.1124024907758807 -0.030035497827968972 -0.001363014288637518 0.11426651971996316 -0.016312976111904624 -0.08177262001205228 0.097778080990667385 -0.032970591864903753
leaf_weight=31.2198606133461 5.8950421661138526 5.9710004776716259 14.67695179581642 4.9312833100557318 59.284343138337135 20.313910052180294 4.3809053897857648 4.4134619086980811 18.535257205367088 7.2594564855098724 5.4040809422731382 6.399967759847641 12.589331120252607 6.2601468563079825 4.3408050239086151 5.9878414422273636 6.0040620118379575 6.0698300153017026 4.9314953237771988 9.2933817058801633 10.125512495636938 10.202490478754045 7.2323451489210138 9.9731388688087463 40.552828148007393 4.5860438197851163 4.9570883959531784 7.1783548891544333 5.3414307534694654 21.111282750964165
leaf_count=135 24 26 71 21 279 91 20 20 78 34 22 27 54 26 20 26 25 26 21 41 44 42 31 41 173 20 21 30 25 86
internal_value=0.000242509 0.00512221 0.0154702 0.00619053 0.00953285 0.0459602 0.0251218 0.000103297 -0.0118344 -0.00619497 -0.0496071 -0.0899245 -0.0337027 0.0305651 0.0960529 0.00367931 0.0467628 -0.00470247 -0.0478311 0.00466728 -0.00622691 -0.0484211 -0.0359683 -0.0646586 0.00484832 -0.00347626 0.0464383 -0.0134559 0.0426857 -0.0132912
internal_weight=365.423 332.12 206.252 158.126 153.195 48.126 33.4491 24.7274 125.868 87.6503 17.775 11.804 52.2359 65.5445 8.72171 73.632 11.9919 61.6401 11.0013 50.6388 41.3454 33.303 27.408 17.2055 69.8752 57.2743 9.54313 47.7312 12.6009 33.7006
internal_count=1600 1462 926 704 683 222 151 111 536 378 75 49 218 305 40 318 51 267 47 220 179 138 114 72 303 244 41 203 59 140
is_linear=0
shrinkage=0.1


Tree=9
num_leaves=31
num_cat=0
split_feature=0 5 1 14 3 3 0 8 2 2 2 0 0 3 16 0 1 0 1 8 6 14 2 0 0 2 1 1 3 14
split_gain=7.23194 6.3153 4.5653 4.31839 3.94545 4.7495 4.21702 3.41327 3.79607 4.12107 3.48276 3.28236 6.44801 3.26194 3.25263 4.43609 3.23487 2.95735 2.20093 2.79325 2.15535 3.32098 2.60206 2.11993 2.2397 2.02495 2.1267 3.73427 2.95115 2.61253
threshold=-0.15693607658658773 1.0000000180025095e-35 0.83277340962746427 1.0000000180025095e-35 -0.2041368301033871 0.093906744034101389 0.61938803981563251 1.0000000180025095e-35 -0.01080199248555354 -0.21310463776713093 -0.86333771535064996 0.10183862888081896 0.53312980465983018 -0.45479876728912566 1.0000000180025095e-35 2.172036272620073 0.43443823484950378 1.7407450968410616 0.89573112627327611 1.0000000180025095e-35 1.0000000180025095e-35 1.0000000180025095e-35 -0.79573880627838467 0.61938803981563251 0.27435509919242351 -0.30897247132646982 0.72659607128425752 0.48446409618428393 1.1708102333876751 1.0000000180025095e-35
decision_type=2 2 2 2 2 2 2 2 2 2 2 2 2 2 2 2 2 2 2 2 2 2 2 2 2 2 2 2 2 2
left_child=7 3 17 4 13 -6 -7 8 9 10 -1 -5 -13 -2 -14 18 -8 23 19 -16 22 -22 -9 24 -3 26 27 29 -28 -12
right_child=1 2 -4 11 5 6 16 20 -10 -11 25 12 14 -15 15 -17 -18 -19 -20 -21 21 -23 -24 -25 -26 -27 28 -29 -30 -31
leaf_value=0.097612327721647366 0.0066513726071039739 -0.020249882475500205 -0.12546421491901602 -0.062173167166598819 0.097845606653356176 0.047487716037062568 -0.083194875704691418 0.074893398931354466 0.085842196219995753 -0.073863504821534337 0.016648609011525258 0.050714950812011252 0.035415053713486348 -0.078278474138343546 -0.047737219625482906 -0.12316660954941888 0.011260550892242748 -0.10427936114359729 -0.082952521252651235 0.035868634721903485 0.047522695310997655 -0.052935082202269716 0.026031188396833389 0.011554354392716138 -0.096543172934122443 0.063178294849077374 -0.071505909114847374 0.085318543380810463 0.0083883464844329552 -0.022555083322837458
leaf_weight=3.7537307739257804 13.50786527991295 12.597541570663457 6.5762156695127478 15.731259152293203 8.6681423485279065 18.308841124176979 5.7099029123783103 13.413772717118261 5.1268798708915702 7.4739415049552909 34.898729935288429 12.891979396343229 5.7734437286853781 6.7982135713100424 8.296692520380029 5.9947539865970603 9.93373756110668 5.1787907481193534 5.0914807319641104 7.7092638164758673 5.8922435045242292 7.4535462707281113 58.124361515045166 11.348445147275923 5.5399999767541876 4.7390506565570822 9.8705791682004946 5.2199113219976416 8.6971031874418241 33.140304908156395
leaf_count=18 58 53 28 68 37 82 24 67 21 31 156 57 24 29 34 25 41 22 21 32 27 32 281 46 23 20 42 23 37 141
internal_value=0.000250776 -0.0151631 -0.049076 -0.00392172 0.0144947 0.0317783 0.0149111 0.0131596 0.00177032 -0.00222832 0.0031086 -0.0227687 -0.00922168 -0.021782 -0.0327326 -0.0472551 -0.0232155 -0.0345845 -0.0256852 -0.00746849 0.0283105 -0.00858239 0.0351931 -0.0223436 -0.0435532 -0.000564974 -0.00385468 0.00380688 -0.0340834 -0.00244664
internal_weight=363.461 165.657 41.241 124.416 62.9267 42.6206 33.9525 197.804 112.92 107.793 100.319 61.4889 45.7576 20.3061 32.8656 27.0922 15.6436 34.6648 21.0974 16.006 84.8839 13.3458 71.5381 29.486 18.1375 96.5657 91.8266 73.2589 18.5677 68.039
internal_count=1600 704 172 532 271 184 147 896 489 468 437 261 193 87 136 112 65 144 87 66 407 59 348 122 76 419 399 320 79 297
is_linear=0
shrinkage=0.1


Tree=10
num_leaves=31
num_cat=0
split_feature=0 5 1 3 12 3 2 1 2 8 10 0 6 1 3 3 8 13 1 1 1 1 0 0 2 3 0 12 3 0
split_gain=5.89128 5.12014 3.70642 3.56713 5.40395 4.21358 4.9686 4.03983 5.51706 3.97915 3.14223 4.05134 2.87308 3.88802 8.98934 2.78949 2.77946 3.51298 5.09068 4.30526 5.98285 2.66247 2.61033 2.47285 2.32614 2.31621 2.42477 4.86013 2.21892 2.78339
threshold=-0.15693607658658773 1.0000000180025095e-35 0.83277340962746427 -0.13920074141926567 1.0000000180025095e-35 0.093906744034101389 0.031173721172098792 0.07728080987772272 0.25677259533467939 1.0000000180025095e-35 1.0000000180025095e-35 1.481970391373655 1.0000000180025095e-35 0.85115025664840394 -0.13920074141926567 -0.32064911408581931 1.0000000180025095e-35 1.0000000180025095e-35 -0.92919187650059254 -0.37652521794492583 1.0000000180025095e-35 -0.75001761804643097 -0.67448548752140114 1.7407450968410616 -0.78837007892195332 0.99573454820876839 -0.41571078205399442 1.0000000180025095e-35 1.2697914760774791 0.70564627497143473
decision_type=2 2 2 2 2 2 2 2 2 2 2 2 2 2 2 2 2 2 2 2 2 2 2 2 2 2 2 2 2 2
left_child=12 3 23 4 15 6 -5 -7 -9 28 11 -11 16 14 22 21 17 18 24 -20 -21 -2 -14 -3 -1 26 27 -18 29 -10
right_child=1 2 -4 5 -6 7 -8 8 9 10 -12 -13 13 -15 -16 -17 25 -19 19 20 -22 -23 -24 -25 -26 -27 -28 -29 -30 -31
leaf_value=0.014831234307444189 -0.048704560272100558 -0.020061315126234051 -0.1130989968818361 -0.02993473223447491 0.033072641929564023 -0.083030597354010027 0.094455981666825589 0.083954349399858852 0.020814424549152846 0.078545107353629087 -0.034477189082384646 -0.026546602150217154 -0.025868326174571694 0.047367236027430981 -0.11519938475023686 -0.1059785641993236 0.033734389885663137 -0.026424487703921834 0.087574833096240118 -0.045371463827339503 0.038019029960682627 0.028563958815600827 0.06081756755798004 -0.095504932839326567 -0.068560211513742406 -0.014574796715328556 0.00043628329820544426 0.11333564139747328 -0.094532445136944712 -0.050881599898548548
leaf_weight=5.4417472630739203 21.163377940654755 29.547832399606705 6.5658577084541312 4.6155569702386847 11.462345048785208 5.6142685860395423 10.553189203143118 7.8197563141584387 9.6648078411817604 11.866866245865827 6.747695878148078 5.3095583617687216 7.6949259787797955 7.2557813227176657 8.9051359593868256 6.3831367790699032 38.970922604203224 24.763518363237381 10.770288109779356 11.436521574854849 34.731157973408699 5.6499731987714759 6.3324213474988946 5.0935734063386908 8.6812258511781675 9.2155421376228315 12.776381984353064 9.54982081055641 4.7798842489719382 12.313690736889837
leaf_count=24 89 122 28 20 50 24 46 35 41 54 29 22 33 31 38 27 193 106 50 49 154 24 27 22 36 43 60 52 20 51
internal_value=0.00024813 -0.0136742 -0.0442112 -0.00352171 -0.0261259 0.00921051 0.0566063 -0.00200243 0.00577358 -0.00628886 0.0233443 0.0460593 0.0119479 -0.0164339 -0.0366205 -0.0465665 0.0170988 0.00601013 0.017313 0.0306432 0.0173618 -0.0324229 0.0132646 -0.0311543 -0.0364285 0.032168 0.0391955 0.0494015 -0.0327833 -0.019354
internal_weight=361.677 165.151 41.2073 123.944 44.6588 79.2853 15.1687 64.1165 58.5023 50.6825 23.9241 17.1764 196.525 30.1883 22.9325 33.1965 166.337 95.8245 71.0609 56.938 46.1677 26.8134 14.0273 34.6414 14.123 70.5127 61.2971 48.5207 26.7584 21.9785
internal_count=1600 704 172 532 190 342 66 276 252 217 105 76 896 129 98 140 767 419 313 253 203 113 60 144 60 348 305 245 112 92
is_linear=0
shrinkage=0.1


Tree=11
num_leaves=31
num_cat=0
split_feature=14 0 0 0 11 12 16 2 1 3 1 1 1 5 7 2 2 1 7 2 1 16 0 0 0 2 2 1 2 2
split_gain=5.08853 5.32401 4.58251 5.99526 4.06974 4.00444 8.25436 4.99843 3.52226 6.81343 5.76413 5.45255 3.24483 3.30283 3.21594 3.32178 3.46936 3.13036 3.11709 2.90935 2.73731 2.73467 4.05617 3.29996 3.95053 2.59896 2.5498 5.24441 4.63743 2.28373
threshold=1.0000000180025095e-35 -0.24319431174239001 0.10183862888081896 0.53312980465983018 1.0000000180025095e-35 1.0000000180025095e-35 1.0000000180025095e-35 -0.79573880627838467 -0.25520399640853725 -0.70068145901555912 -1.6169623918583524 0.51611311049812458 0.68694972539648924 1.0000000180025095e-35 1.0000000180025095e-35 -0.69482389918724352 -0.55188015134864155 0.57583786331617826 1.0000000180025095e-35 0.33106020501382788 1.503868637873631 1.0000000180025095e-35 2.172036272620073 1.7407450968410616 1.2231956859062483 -0.46626053341335183 0.078807469894350571 0.012281221340695524 0.60835705026900622 0.89586492218536773
decision_type=2 2 2 2 2 2 2 2 2 2 2 2 2 2 2 2 2 2 2 2 2 2 2 2 2 2 2 2 2 2
left_child=5 14 -3 4 -4 7 -7 -1 9 10 -9 26 -13 29 20 -16 -17 -18 19 -8 -2 -5 23 24 -23 -12 27 -10 -28 -14
right_child=1 2 3 21 -6 6 18 8 11 -11 25 12 13 -15 15 16 17 -19 -20 -21 -22 22 -24 -25 -26 -27 28 -29 -30 -31
leaf_value=0.054672042149820056 0.026760107094352278 -0.062425433087599173 0.061007395417145005 0.02558756734128001 -0.048033036235755694 -0.071539687538811902 0.10031635306681064 -0.062724183759422472 -0.044158125938436876 -0.05919234003758872 0.097118538746415517 -0.093871102456920305 0.029380694000144709 -0.069836849044977098 -0.055437581356422086 0.076789121089703219 -0.069197186744006392 0.029234403365104279 0.020788103653509551 0.020537511012770529 -0.048199438052744098 -0.019286539425222179 -0.10848993641184979 0.048539249301070064 -0.11464089322555121 0.0049433144002429211 0.12849322814940314 0.053515371842892769 0.014697486314390568 -0.035054412854342416
leaf_weight=16.763233780860901 51.965040013194084 28.106121078133583 13.856814652681352 6.4778435826301566 4.5457689464092246 5.9605562686920157 16.651074856519703 5.7053854912519482 8.9300142079591769 25.787164136767387 7.2975616008043298 4.8436143100261679 18.107183903455738 6.5103445202112189 14.424973502755163 5.3151980340480796 6.3589360266923922 6.5680901408195496 15.880884394049643 6.300803765654563 5.3755283355712882 17.693859219551094 7.8640394806861869 4.770240679383277 5.7590025961399069 5.2665288299322102 6.9186801463365537 14.300403386354445 7.4238149970769882 7.9004107117652884
leaf_count=83 245 120 61 27 20 26 85 25 40 112 34 22 80 28 60 23 26 28 68 28 24 73 34 20 24 22 31 67 31 33
internal_value=0.000256804 -0.0116869 -0.0290193 -0.0136191 0.0340724 0.0121035 0.0380301 0.00354882 -0.00365331 -0.0260915 0.0206299 0.00953892 -0.0175121 -0.00613829 0.00546564 -0.0195775 0.0087787 -0.0191851 0.0548483 0.0784153 0.0197328 -0.0342381 -0.0449771 -0.02728 -0.0427014 0.0584812 0.0364378 0.0159687 0.0695914 0.00980703
internal_weight=359.629 179.081 89.0737 60.9676 18.4026 180.548 44.7933 135.754 118.991 44.0566 18.2695 74.9345 37.3616 32.5179 90.0078 32.6672 18.2422 12.927 38.8328 22.9519 57.3406 42.565 36.0871 28.2231 23.4529 12.5641 37.5729 23.2304 14.3425 26.0076
internal_count=1600 785 379 259 81 815 207 608 525 193 81 332 163 141 406 137 77 54 181 113 269 178 151 117 97 56 169 107 62 113
is_linear=0
shrinkage=0.1


Tree=12
num_leaves=31
num_cat=0
split_feature=4 2 16 12 0 3 3 1 3 8 3 14 1 1 3 1 1 11 0 1 14 12 2 0 1 1 1 3 1 1
split_gain=4.67817 4.64423 4.38858 3.9969 4.16448 5.20619 4.15382 3.84784 3.02886 2.8127 2.77667 2.70679 4.45974 2.96226 3.59994 3.51462 2.57254 2.4809 2.46729 2.90835 2.14149 2.94347 4.88352 4.69468 3.35635 4.2816 3.28715 2.8117 2.48469 4.9428
threshold=1.0000000180025095e-35 2.3659286861479045 1.0000000180025095e-35 1.0000000180025095e-35 -0.58822725236559881 0.63192781932005671 1.7700824335967786 -0.38724504537380738 1.0540063576076955 1.0000000180025095e-35 0.16675709566647307 1.0000000180025095e-35 -0.89482036633179796 0.85115025664840394 0.57089281274371861 -0.074328178045029378 0.57583786331617826 1.0000000180025095e-35 1.0506792155946438 0.22514636599991331 1.0000000180025095e-35 1.0000000180025095e-35 -0.68098960500112449 -0.58822725236559881 -0.27426146739321539 -0.67463851406239139 0.07728080987772272 0.69800744245237334 0.47578614064661817 0.29014595453694053
decision_type=2 2 2 2 2 2 2 2 2 2 2 2 2 2 2 2 2 2 2 2 2 2 2 2 2 2 2 2 2 2
left_child=1 2 7 6 -5 10 9 -1 -7 11 -6 -2 -13 14 15 17 -9 -14 -11 -20 21 22 26 -24 25 -25 -4 -26 29 -22
right_child=3 -3 20 4 5 8 -8 16 -10 18 -12 12 13 -15 -16 -17 -18 -19 19 -21 28 -23 23 24 27 -27 -28 -29 -30 -31
leaf_value=0.0050187376818967983 0.0094806212342787525 -0.10717903504194247 0.0073718500898223753 0.082092482997996444 0.0097925290314939181 0.12440151115362839 -0.085460625253556632 -0.14004993579123806 0.015967308193180711 0.028717722466790274 -0.070126065664012679 -0.089976525435046043 0.068369252243881642 -0.058003427877235392 0.087483786054823265 -0.05262396106747759 -0.04439053175617981 -0.0247220282353353 -0.063266404886248961 0.032461502674864175 -0.01751183785148628 0.048149831752749513 -0.10734034919628065 0.013857773588001136 0.063549130476208693 -0.11700335712558046 0.12204278390394019 -0.027730837960550977 0.014442109791995578 -0.12542501236822456
leaf_weight=6.3812375664711025 49.480963140726089 5.1646207422018042 5.8906555324792844 13.306178942322729 20.916269525885586 5.8401919752359372 5.2616607695817939 5.6203478425741178 4.6089055240154266 57.63171374797821 5.4880759119987479 8.4364606589078885 6.6182674467563647 9.1878947019577009 4.6790645271539679 10.032472893595697 5.6248395293951035 5.0451223105192184 6.9915808886289579 5.8120153546333313 37.434705957770348 15.273802548646925 5.5137964636087409 5.1862441003322601 8.3338860273361224 4.827622517943384 4.3428365737199783 5.6707946658134452 18.213071495294571 4.7872785776853553
leaf_count=27 220 25 26 71 96 28 22 24 21 282 25 35 28 39 20 42 24 22 29 24 159 67 24 22 36 20 21 24 77 20
internal_value=0.000267047 -0.0141387 -0.0105285 0.00934816 0.0341395 0.0168257 0.00199774 -0.0570049 0.0765732 0.00480514 -0.00681835 -0.00656554 -0.0246108 -0.00910432 0.00793004 -0.00922702 -0.0922011 0.0281016 0.0198961 -0.019812 -0.00343424 0.0108357 -0.00349644 -0.0241253 -0.00502207 -0.0492296 0.0560353 0.0265879 -0.0164302 -0.0297474
internal_weight=357.603 138.266 133.101 219.337 50.1596 36.8534 169.177 17.6264 10.4491 163.916 26.4043 93.4802 43.9993 35.5628 26.3749 21.6959 11.2452 11.6634 70.4353 12.8036 115.475 55.0396 39.7658 29.5323 24.0185 10.0139 10.2335 14.0047 60.4351 42.222
internal_count=1600 596 571 1004 241 170 763 75 49 741 121 406 186 151 112 92 48 50 335 53 496 240 173 126 102 42 47 60 256 179
is_linear=0
shrinkage=0.1


Tree=13
num_leaves=31
num_cat=0
split_feature=4 0 16 0 1 12 2 1 1 14 3 1 1 1 3 15 3 2 0 0 0 11 3 0 0 2 10 9 2 2
split_gain=3.8103 4.11359 4.2705 3.32582 3.46761 3.30929 3.671 3.63016 5.11167 3.59771 3.34121 2.87078 3.60508 3.87511 3.69963 5.01902 3.03768 4.50611 2.72811 3.84601 6.62848 2.52928 2.52527 2.37324 2.31462 1.92472 1.91678 3.54387 3.66073 2.33784
threshold=1.0000000180025095e-35 1.9132615671526663 1.0000000180025095e-35 1.0000000180025095e-35 -0.12979903108971766 1.0000000180025095e-35 -0.78837007892195332 1.4131754947054753 1.1349704495273609 1.0000000180025095e-35 0.97692559886439079 -0.89482036633179796 -1.9608476495372325 -1.6169623918583524 -0.75508465681559966 1.0000000180025095e-35 -0.48687763718921373 -0.83509535440848059 0.79190451012723695 1.0000000180025095e-35 -0.24319431174239001 1.0000000180025095e-35 0.75478861567280087 1.1369374507504462 -0.3294525468981922 -0.44687977105123111 1.0000000180025095e-35 1.0000000180025095e-35 0.7951731488714221 -0.26986562051847346
decision_type=2 2 2 2 2 2 2 2 2 2 2 2 2 2 2 2 2 2 2 2 2 2 2 2 2 2 2 2 2 2
left_child=1 2 3 4 -1 7 -7 8 10 -8 11 12 -2 -14 15 -15 17 -13 19 20 -11 -19 -18 24 25 -4 27 28 29 -26
right_child=5 -3 23 -5 -6 6 9 -9 -10 18 -12 16 13 14 -16 -17 22 21 -20 -21 -22 -23 -24 -25 26 -27 -28 -29 -30 -31
leaf_value=0.045241733303932115 0.067207157473580623 -0.082639662483301748 0.0014848526342407643 -0.11227936834888495 -0.068125043908001157 0.13256681818417243 0.052249433519924851 -0.044117925654298201 0.088526440030251341 0.032802492518527342 -0.052242075991031256 -0.011873850155434377 -0.1050161448781485 -0.05226777845637133 -0.074226546355696421 0.062795973166982599 0.0010028294690339076 0.14376026315816359 -0.070923647575221072 0.091948858638450842 -0.11744824620810797 0.043229498469920552 0.053448693540835229 0.057992923990179003 -0.068578159537852873 0.05445927012785088 -0.056674387319965852 -0.071649485968138735 0.082941725673144673 0.0052960604047494744
leaf_weight=4.5787601023912439 4.1916489303112021 7.9361097365617743 48.267136320471764 6.3393166959285727 6.5689758956432351 3.33448801934719 22.728075429797173 15.608529284596441 7.2392919957637778 9.691879943013193 10.380178228020666 6.3092026561498669 5.8025854974985149 6.6033065170049676 6.9016099721193305 8.9007116556167603 76.017571941018105 5.2656255811452848 4.7890789657831183 4.6967407763004294 4.2122798562049892 4.7694728225469589 10.442033648490904 6.3629217743873587 5.4177409708499935 7.9945855140686026 11.361785158514975 7.4876186847686759 5.0459325760602942 20.466929569840435
leaf_count=20 19 37 213 26 28 20 112 66 34 48 45 32 26 30 30 42 342 27 20 22 19 24 46 27 23 35 47 31 21 88
internal_value=0.000265481 -0.0127474 -0.00847717 -0.054448 -0.0215614 0.00849711 0.0312414 0.00181926 0.00651103 0.0239152 0.00243274 0.00663037 -0.0193257 -0.0321842 -0.0133223 0.0137892 0.0148107 0.0543465 -0.00361719 0.0137119 -0.0127161 0.0959801 0.0073369 -0.00132538 -0.00488471 0.00901232 -0.0205912 -0.00992004 0.0050233 -0.010166
internal_weight=355.712 137.828 129.892 17.4871 11.1477 217.884 49.4525 168.432 152.823 46.1181 145.584 135.204 32.3999 28.2082 22.4056 15.504 102.804 16.3443 23.39 18.6009 13.9042 10.0351 86.4596 112.405 106.042 56.2617 49.78 38.4182 30.9306 25.8847
internal_count=1600 596 559 74 48 1004 241 763 697 221 663 618 147 128 102 72 471 83 109 89 67 51 388 485 458 248 210 163 132 111
is_linear=0
shrinkage=0.1


end of trees

feature_importances:
Column_1=89
Column_2=73
Column_3=70
Column_0=62
Column_4=24
Column_14=21
Column_8=19
Column_12=13
Column_7=10
Column_10=7
Column_13=7
Column_11=6
Column_16=5
Column_6=4
Column_15=4
Column_5=3
Column_9=3

parameters:
[boosting: gbdt]
[objective: binary]
[metric: auc]
[tree_learner: serial]
[device_type: cpu]
[data_sample_strategy: bagging]
[data: ]
[valid: ]
[num_iterations: 500]
[learning_rate: 0.1]
[num_leaves: 31]
[num_threads: 0]
[seed: 42]
[deterministic: 0]
[force_col_wise: 0]
[force_row_wise: 0]
[histogram_pool_size: -1]
[max_depth: -1]
[min_data_in_leaf: 20]
[min_sum_hessian_in_leaf: 0.001]
[bagging_fraction: 1]
[pos_bagging_fraction: 1]
[neg_bagging_fraction: 1]
[bagging_freq: 0]
[bagging_seed: 400]
[bagging_by_query: 0]
[feature_fraction: 1]
[feature_fraction_bynode: 1]
[feature_fraction_seed: 30056]
[extra_trees: 0]
[extra_seed: 12879]
[early_stopping_round: 0]
[early_stopping_min_delta: 0]
[first_metric_only: 0]
[max_delta_step: 0]
[lambda_l1: 0]
[lambda_l2: 0]
[linear_lambda: 0]
[min_gain_to_split: 0]
[drop_rate: 0.1]
[max_drop: 50]
[skip_drop: 0.5]
[xgboost_dart_mode: 0]
[uniform_drop: 0]
[drop_seed: 17869]
[top_rate: 0.2]
[other_rate: 0.1]
[min_data_per_group: 100]
[max_cat_threshold: 32]
[cat_l2: 10]
[cat_smooth: 10]
[max_cat_to_onehot: 4]
[top_k: 20]
[monotone_constraints: ]
[monotone_constraints_method: basic]
[monotone_penalty: 0]
[feature_contri: ]
[forcedsplits_filename: ]
[refit_decay_rate: 0.9]
[cegb_tradeoff: 1]
[cegb_penalty_split: 0]
[cegb_penalty_feature_lazy: ]
[cegb_penalty_feature_coupled: ]
[path_smooth: 0]
[interaction_constraints: ]
[verbosity: -1]
[saved_feature_importance_type: 0]
[use_quantized_grad: 0]
[num_grad_quant_bins: 4]
[quant_train_renew_leaf: 0]
[stochastic_rounding: 1]
[linear_tree: 0]
[max_bin: 255]
[max_bin_by_feature: ]
[min_data_in_bin: 3]
[bin_construct_sample_cnt: 200000]
[data_random_seed: 175]
[is_enable_sparse: 1]
[enable_bundle: 1]
[use_missing: 1]
[zero_as_missing: 0]
[feature_pre_filter: 1]
[pre_partition: 0]
[two_round: 0]
[header: 0]
[label_column: ]
[weight_column: ]
[group_column: ]
[ignore_column: ]
[categorical_feature: ]
[forcedbins_filename: ]
[precise_float_parser: 0]
[parser_config_file: ]
[objective_seed: 16083]
[num_class: 1]
[is_unbalance: 0]
[scale_pos_weight: 1]
[sigmoid: 1]
[boost_from_average: 1]
[reg_sqrt: 0]
[alpha: 0.9]
[fair_c: 1]
[poisson_max_delta_step: 0.7]
[tweedie_variance_power: 1.5]
[lambdarank_truncation_level: 30]
[lambdarank_norm: 1]
[label_gain: ]
[lambdarank_position_bias_regularization: 0]
[eval_at: ]
[multi_error_top_k: 1]
[auc_mu_weights: ]
[num_machines: 1]
[local_listen_port: 12400]
[time_out: 120]
[machine_list_filename: ]
[machines: ]
[gpu_platform_id: -1]
[gpu_device_id: -1]
[gpu_use_dp: 0]
[num_gpu: 1]

end of parameters

pandas_categorical:null
